[[[ 84 183   4]
  [156  62  39]
  [122 202  87]
  ...
  [109  23  70]
  [ 16  42 114]
  [253 233 201]]

 [[120 171  36]
  [203   5   7]
  [ 51 194 163]
  ...
  [ 18  79  80]
  [ 77 181 216]
  [ 36 215 193]]

 [[ 42 157  55]
  [102 129  46]
  [206  37  55]
  ...
  [252 232 197]
  [106 140 221]
  [139 232 192]]

 ...

 [[200  34 241]
  [ 56 147  94]
  [ 89  45  44]
  ...
  [ 46  32 129]
  [ 29  88 171]
  [102 200 147]]

 [[ 34  44 255]
  [193 103  78]
  [246 247 147]
  ...
  [ 87 224  48]
  [101 155  18]
  [ 56 219  59]]

 [[122  58  52]
  [122 240  82]
  [ 86 130  84]
  ...
  [ 52 198  63]
  [231  94   1]
  [111 146   8]]]